0.248046875
0.109375
0.01953125
0.18359375
0.07421875
0.09765625
0.0703125
0.07421875
0.21875
0.2421875
0.1953125
0.109375
0.140625
0.1328125
0.12890625
0.14453125
0.1484375
0.09375
0.09375
0.171875
0.1484375
0.19921875
0.10546875
0.09375
0.16796875
0.15234375
0.1640625
0.125
0.1328125
0.16796875
0.11328125
0.2109375
0.2578125
0.5390625
0.5078125
0.44921875
0.4375
0.33984375
0.375
0.203125
0.1953125
0.1640625
0.16796875
0.1328125
0.1484375
0.14453125
0.1640625
0.171875
0.171875
0.23046875
0.453125
0.40625
0.46875
0.19921875
0.125
0.15625
0.109375
0.12890625
0.12890625
0.15234375
0.1953125
0.1953125
0.16796875
0.09765625
0.0390625
0.14453125
0.2734375
0.5859375
0.640625
0.63671875
0.6015625
0.55859375
0.46484375
0.203125
0.1171875
0.0546875
0.0859375
0.046875
0.08203125
0.0703125
0.078125
0.0625
0.0625
0.05859375
0.04296875
0.078125
0.12890625
0.09375
0.0859375
0.0390625
0.05859375
0.02734375
0.05859375
0.0546875
0.015625
0.0234375
0.01171875
0.01953125
0.02734375
0.0234375
0.03125
0.04296875
0.0234375
0.0234375
0.01953125
0.03515625
0.01953125
0.015625
0.04296875
0.015625
0.01171875
0.03125
0.02734375
0.03125
0.02734375
0.08203125
0.0390625
0.0234375
0.15625
0.1953125
0.15625
0.1640625
0.1484375
0.1328125
0.15625
0.1875
0.1484375
0.15234375
0.1328125
0.140625
0.07421875
0.0625
0.078125
0.03125
0.03125
0.015625
0.0234375
0.01953125
0.06640625
0.1953125
0.13671875
0.09765625
0.0546875
0.171875
0.078125
0.02734375
0.05859375
0.1015625
0.125
0.09375
0.125
0.05859375
0.09765625
0.1484375
0.1171875
0.21875
0.3203125
0.30859375
0.53125
0.56640625
0.63671875
0.61328125
0.63671875
0.63671875
0.56640625
0.57421875
0.484375
0.3359375
0.23828125
0.19921875
0.1796875
0.19140625
0.1796875
0.18359375
0.16015625
0.15234375
0.1484375
0.15625
0.1640625
0.1484375
0.14453125
0.18359375
0.140625
0.15625
0.140625
0.1328125
0.1015625
0.078125
