5507
60939188
38130403
8801796
633455647
43308195
678304
15255
15082
9640
8117
7927
7664
6742
6699
6694
6532
6173
5697
5967
6286
5897
5846
5919
5699
5482
5630
5487
5590
5544
5809
6800
7147
12350
39304
12203
17402
8721
62760
8740
7592
5965
8629
21470
67486
41096
11798
7997
7026
6294
10743773
45279216
87559902
2746737850
1265817866
4536198402
9769351296
12680205060
13564835158
13046781108
12611029022
9884781653
6136110843
3327183260
1097296386
7203238885
5333892086
1617429124
1830392667
1875571882
1141552594
872621344
390744579
938849006
1616096782
2095161327
1100822573
1031751089
564500114
399315512
155356183
84124622
42271240
10044931
6390467
1681074
395587
497864
252075
495403
262524
284960
87513
182490
794853
829239
387242
771027
974072
8284163
8533818
8587921
2066331
7746542
27891549
1146807
1597852
598287
234621
1286035
291280
275428
498591
491367
198388
30475
109548
360733
28489
7508
6471
7093
8641
6195
5764
6477
6686
5643
5120
6682
13021
30950
101592
601442
603908
40679
95545
1045431
18212
10604
10746
85111
28748
7864
52687
74562
33384
7363
12885
6878
7146
15525
10193
5561
6035
6240
8128
11184
17537
28732
39882
75521
72493
47297
52542
31224
21344
16941
24668
58910
55663
74297
76331
96456
54495
36333
36280
58161
46359
35105
35015
17776
15749
8021
7969
6361
5121
2859
